Pass 1
25 31 1 40
1  0  0  0  0  0  0  0  0  0  0  0  0  0  0  2  0  0  0  0  0  0  0  0  0  0  0  0  0  3  0  
1  1  0  0  0  0  0  0  0  0  0  0  0  0  0  2  0  0  0  0  0  0  0  0  0  0  0  0  0  3  0  
0  0  4  0  0  0  0  0  0  0  0  0  0  0  5  2  2  0  0  0  0  0  0  0  0  0  0  6  6  0  0  
0  0  0  7  7  7  0  0  0  0  0  0  0  8  5  2  2  2  0  0  0  0  0  0  0  0  9  6  0  0  0  
0  0  0  0  7  7  0  0  0  0  0  0  10 8  5  2  2  2  2  0  0  0  0  0  0  11 9  0  0  0  0  
0  0  12 0  0  0  0  0  0  0  0  13 10 8  5  0  0  2  2  2  0  0  0  0  0  11 0  0  0  0  0  
0  0  12 12 12 12 0  0  0  0  14 13 10 8  5  0  15 2  2  2  2  0  0  0  0  0  0  0  0  0  0  
0  16 0  12 0  0  0  0  0  17 14 13 10 8  5  5  5  2  2  2  2  2  0  0  0  0  18 18 0  0  0  
0  0  19 0  20 0  0  0  0  17 14 0  10 8  0  0  5  2  2  0  2  2  0  0  0  0  18 0  0  0  0  
0  0  0  0  20 0  21 0  0  17 14 14 10 8  0  0  5  2  0  22 2  2  0  0  0  0  18 0  0  0  0  
0  0  23 0  0  0  0  0  0  17 14 14 10 8  8  8  5  2  2  2  2  2  0  0  0  0  18 0  0  0  0  
0  0  23 23 23 23 23 23 23 17 14 0  10 8  8  8  5  2  2  2  2  2  2  2  2  2  2  2  0  0  0  
0  0  0  0  0  23 0  0  0  17 14 14 10 8  8  8  0  0  2  2  2  2  0  0  0  0  0  0  0  0  0  
0  0  0  0  24 0  0  0  0  17 14 14 10 0  8  8  8  0  2  2  2  2  0  0  0  0  0  0  0  0  0  
0  0  0  25 0  0  0  0  0  0  14 14 10 10 0  8  8  8  2  2  2  0  26 0  0  0  0  0  0  0  0  
0  0  0  0  0  0  0  0  0  27 0  0  10 10 0  8  8  8  2  0  0  0  0  28 28 28 0  0  0  0  0  
0  0  0  0  0  0  0  0  29 0  0  0  0  10 10 8  8  8  0  0  0  0  0  0  28 0  0  0  0  0  0  
0  0  0  0  0  0  0  30 0  0  0  0  0  0  10 8  8  0  0  31 0  0  0  0  28 28 0  0  0  0  0  
0  0  0  0  0  0  32 0  0  0  0  0  0  0  0  8  0  0  0  0  33 0  0  0  0  0  0  0  0  0  0  
0  0  0  0  0  0  0  0  0  0  0  0  34 0  0  8  0  0  0  0  0  0  0  0  0  0  0  0  0  0  0  
0  0  0  35 0  0  0  0  0  0  0  0  34 0  0  8  0  0  0  0  0  0  0  0  0  0  0  0  0  0  0  
0  0  36 35 35 0  0  0  0  0  0  0  34 0  0  8  0  0  0  0  0  0  0  0  0  0  0  0  0  0  0  
0  0  36 35 35 0  0  0  0  37 37 37 34 34 34 8  8  0  0  0  0  0  0  38 0  39 0  0  0  0  0  
0  0  0  35 0  0  0  0  0  0  0  0  0  0  34 8  8  0  0  0  0  0  0  38 38 0  0  0  0  0  0  
0  0  0  0  0  0  0  0  0  0  0  0  0  40 34 8  8  8  0  0  0  0  0  38 0  0  0  0  0  0  0  

Equivalency Array after: Pass 1
1 1
2 2
3 3
4 4
5 5
6 6
7 7
8 8
9 9
10 10
11 11
12 12
13 13
14 14
15 15
16 16
17 17
18 18
19 19
20 20
21 21
22 22
23 23
24 24
25 25
26 26
27 27
28 28
29 29
30 30
31 31
32 32
33 33
34 34
35 35
36 36
37 37
38 38
39 39
40 40

Pass 2
25 31 1 39
1  0  0  0  0  0  0  0  0  0  0  0  0  0  0  2  0  0  0  0  0  0  0  0  0  0  0  0  0  3  0  
1  1  0  0  0  0  0  0  0  0  0  0  0  0  0  2  0  0  0  0  0  0  0  0  0  0  0  0  0  3  0  
0  0  4  0  0  0  0  0  0  0  0  0  0  0  2  2  2  0  0  0  0  0  0  0  0  0  0  6  6  0  0  
0  0  0  7  7  7  0  0  0  0  0  0  0  2  2  2  2  2  0  0  0  0  0  0  0  0  6  6  0  0  0  
0  0  0  0  7  7  0  0  0  0  0  0  2  2  2  2  2  2  2  0  0  0  0  0  0  9  9  0  0  0  0  
0  0  12 0  0  0  0  0  0  0  0  2  2  2  2  0  0  2  2  2  0  0  0  0  0  11 0  0  0  0  0  
0  0  12 12 12 12 0  0  0  0  2  2  2  2  2  0  2  2  2  2  2  0  0  0  0  0  0  0  0  0  0  
0  16 0  12 0  0  0  0  0  2  2  2  2  2  2  2  2  2  2  2  2  2  0  0  0  0  2  18 0  0  0  
0  0  19 0  20 0  0  0  0  2  2  0  2  2  0  0  2  2  2  0  2  2  0  0  0  0  2  0  0  0  0  
0  0  0  0  20 0  21 0  0  2  2  2  2  2  0  0  2  2  0  2  2  2  0  0  0  0  2  0  0  0  0  
0  0  2  0  0  0  0  0  0  2  2  2  2  2  2  2  2  2  2  2  2  2  0  0  0  0  2  0  0  0  0  
0  0  2  2  2  2  2  2  2  2  2  0  2  2  2  2  2  2  2  2  2  2  2  2  2  2  2  2  0  0  0  
0  0  0  0  0  23 0  0  0  2  2  2  2  2  2  2  0  0  2  2  2  2  0  0  0  0  0  0  0  0  0  
0  0  0  0  24 0  0  0  0  8  8  8  8  0  2  2  2  0  2  2  2  2  0  0  0  0  0  0  0  0  0  
0  0  0  25 0  0  0  0  0  0  8  8  8  8  0  2  2  2  2  2  2  0  26 0  0  0  0  0  0  0  0  
0  0  0  0  0  0  0  0  0  27 0  0  8  8  0  2  2  2  2  0  0  0  0  28 28 28 0  0  0  0  0  
0  0  0  0  0  0  0  0  29 0  0  0  0  8  8  8  8  8  0  0  0  0  0  0  28 0  0  0  0  0  0  
0  0  0  0  0  0  0  30 0  0  0  0  0  0  8  8  8  0  0  31 0  0  0  0  28 28 0  0  0  0  0  
0  0  0  0  0  0  32 0  0  0  0  0  0  0  0  8  0  0  0  0  33 0  0  0  0  0  0  0  0  0  0  
0  0  0  0  0  0  0  0  0  0  0  0  8  0  0  8  0  0  0  0  0  0  0  0  0  0  0  0  0  0  0  
0  0  0  35 0  0  0  0  0  0  0  0  8  0  0  8  0  0  0  0  0  0  0  0  0  0  0  0  0  0  0  
0  0  35 35 35 0  0  0  0  0  0  0  8  0  0  8  0  0  0  0  0  0  0  0  0  0  0  0  0  0  0  
0  0  35 35 35 0  0  0  0  8  8  8  8  8  8  8  8  0  0  0  0  0  0  38 0  39 0  0  0  0  0  
0  0  0  35 0  0  0  0  0  0  0  0  0  0  8  8  8  0  0  0  0  0  0  38 38 0  0  0  0  0  0  
0  0  0  0  0  0  0  0  0  0  0  0  0  8  8  8  8  8  0  0  0  0  0  38 0  0  0  0  0  0  0  

Equivalency Array after: Pass 2
1 1
2 2
3 3
4 4
5 5
6 6
7 7
8 8
9 9
10 10
11 11
12 12
13 13
14 14
15 15
16 16
17 17
18 18
19 19
20 20
21 21
22 22
23 23
24 24
25 25
26 26
27 27
28 28
29 29
30 30
31 31
32 32
33 33
34 34
35 35
36 36
37 37
38 38
39 39
40 40
