25 31 0 26
26
---
1
3
0 0
1 1
---
2
138
0 2
15 27
---
3
2
0 29
1 29
---
4
1
2 2
2 2
---
5
4
2 27
3 27
---
6
5
3 3
4 5
---
7
42
12 5
24 17
---
8
3
4 25
5 25
---
9
6
5 2
7 5
---
10
1
7 1
7 1
---
11
1
8 2
8 2
---
12
2
8 4
9 4
---
13
1
9 6
9 6
---
14
1
13 4
13 4
---
15
1
14 3
14 3
---
16
1
14 22
14 22
---
17
1
15 9
15 9
---
18
6
15 23
17 25
---
19
1
16 8
16 8
---
20
1
17 7
17 7
---
21
1
17 19
17 19
---
22
1
18 6
18 6
---
23
1
18 20
18 20
---
24
8
20 3
23 3
---
25
4
22 23
24 23
---
26
1
22 25
22 25
---
