96
6 6 0
7 6 0
8 6 0
9 6 0
10 6 0
11 6 0
12 6 0
13 6 0
14 6 0
15 6 0
16 6 0
17 6 0
18 6 0
19 6 0
20 6 0
21 6 0
22 6 0
23 6 0
24 6 0
25 6 0
25 7 0
25 8 0
25 9 0
25 10 0
25 11 0
25 12 0
25 13 0
25 14 0
25 15 0
25 16 0
25 17 0
25 18 0
25 19 0
25 20 0
25 21 0
25 22 0
25 23 0
25 24 0
25 25 0
25 26 0
25 27 0
25 28 0
25 29 0
25 30 0
25 31 0
25 32 0
25 33 0
25 34 0
25 35 0
24 35 0
23 35 0
22 35 0
21 35 0
20 35 0
19 35 0
18 35 0
17 35 0
16 35 0
15 35 0
14 35 0
13 35 0
12 35 0
11 35 0
10 35 0
9 35 0
8 35 0
7 35 0
6 35 0
6 34 0
6 33 0
6 32 0
6 31 0
6 30 0
6 29 0
6 28 0
6 27 0
6 26 0
6 25 0
6 24 0
6 23 0
6 22 0
6 21 0
6 20 0
6 19 0
6 18 0
6 17 0
6 16 0
6 15 0
6 14 0
6 13 0
6 12 0
6 11 0
6 10 0
6 9 0
6 8 0
6 7 0
