46 46 0 1
0000000000000000000000000000000000000000000000
0000000000000000000000000000000000000000000000
0000000000000000000000000000000000000000000000
0000000000000000000000000000000000000000000000
0000000000000000000000000000000000000000000000
0000000000000000000000000000000000000000000000
0000000000000000000000000000000000000000000000
0000000000000000000000000000000000000000000000
0000000000000000000000011000000000000000000000
0000000000000000000000111100000000000000000000
0000000000000000000010001110000000000000000000
0000000000000000000000000100000000000000000000
0000011000000000000110000000000000000000000000
0000000000000000001111010000000000000000000000
0000000000000000111111111111110000000000000000
0000000000000000111111111111111000000000000000
0000000000000001111111111111111000000000000000
0000000000000011111111111111110000000000000000
0000000000000111111111111111100011000000000000
0000000000001111111111111111111111000000000000
0000000000011111111111111111101111100000000000
0000000000011111111111111111001111100000000000
0000000001111111111111111111000111100000000000
0000000111111111111111111111001111101100000000
0000000011111111111111111111001111111100000000
0000000001111111111111111111001111111100000000
0000000001111111111111111111000111111000000000
0000000000011111110011111111100011110000000000
0000000000011111111011111111100001110000000000
0000000000001111111111111111110000100000000000
0000000000000111111111111111111000000000000000
0000000000000011111111111111111000000000000000
0000000000000011111111111111111000000000000000
0000000000000001111111111111110000000000000000
0000000000000000111110111110100000000000000000
0000000000000000001100111100000000000000000000
0000000000000000001110101110000000000000000000
0000000000000000000011111110000000000000000000
0000000000000000000011111110000000000000000000
0000000000000000000001111100000000000000000000
0000000000000000000000111000000000000000000000
0000000000000000000000010000000000000000000000
0000000000000000000000000000000000000000000000
0000000000000000000000000000000000000000000000
0000000000000000000000000000000000000000000000
0000000000000000000000000000000000000000000000
