46 46 1 58
1 2 2 3 5 8 5 3 3 4 4 2 2 3 4 4 2 2 3 4 4 2 2 3 4 4 3 3 6 5 4 2 2 3 4 4 2 2 3 4 4 2 2 3 4 5 
1 2 2 3 5 5 5 3 4 4 5 5 3 3 4 4 2 2 3 4 4 2 2 4 5 4 2 2 4 5 4 2 2 3 4 5 5 3 4 5 5 5 3 3 4 5 
2 2 2 3 5 5 5 3 4 4 45453 3 4 4 2 2 3 4 4 2 2 4 5 4 2 2 4 5 4 2 2 3 4 5 5 3 4 5 5 5 3 3 4 5 
3 3 3 4 5 5 5 3 4 5 45453 3 4 4 2 2 3 4 4 2 2 4 5 4 2 2 4 354 2 2 3 4 5 5 3 4 5 5 5 3 3 4 5 
4 4 3 4 4 4 2 2 4 5 5 5 3 3 4 4 2 2 3 4 4 2 2 4 5 4 2 2 4 355 2 2 3 4 5 5 3 3 4 5 5 3 3 4 5 
5 5 3 4 4 4 2 2 4 5 5 2 2 3 4 5 5 3 3 4 4 2 2 4 5 4 5 3 12355 2 2 3 4 5 5 3 4 5 5 5 3 3 4 5 
5 2 2 3 4 4 2 2 4 5 5 2 2 3 4 5 5 3 3 4 4 2 2 4 5 5 5 3 4 5 5 2 2 3 4 5 5 3 4 5 5 5 3 3 4 5 
5 2 2 3 4 4 2 2 4 5 5 2 2 3 4 5 5 3 3 4 4 5 3 388 5 5 3 4 5 5 2 2 3 4 4 2 2 4 5 4 2 2 3 4 5 
4 2 2 3 4 4 2 2 4 5 4 2 2 3 4 4 2 2 3 4 5 5 384848442 2 4 5 5 2 2 3 4 4 2 2 3 4 4 2 2 3 4 5 
1 2 2 3 4 5 5 3 3 4 4 2 2 3 4 4 2 2 3 4 5 33384848485 3 4 5 5 2 2 3 4 4 2 2 3 4 4 2 2 3 4 5 
1 2 2 3 4 5 5 3 3 4 4 2 2 3 4 4 2 2 3 5 48483441484848434 5 5 5 3 3 4 4 2 2 3 5 5 2 2 3 4 5 
1 2 2 3 4 45453 3 4 4 2 2 3 4 4 2 2 4 8 48338 8 4148488 8 5 5 5 3 3 4 4 2 2 3 5 5 2 2 3 4 5 
4 3 3 4 344545384 5 5 5 3 4 5 5 5 4 48484848383535353431288 1919194 5 5 5 3 6 5 5 2 2 3 5 5 
6 5 2121333738314 5 5 5 3 4 5 5 3848484848484141353434323128255 3 4 5 5 5 3 4 5 5 5 3 4 5 5 
6 6 21215 5 5 3 4 5 5 5 3 4 5 35484848484848484848484848484828243 4 5 5 5 3 4 5 4 5 3 4 5 5 
5 5 3 4 5 5 2 2 3 4 4 2 2 3 4 5 4848484848484848484848484848485 3 3 4 4 2 2 3 4 4 5 3 4 4 5 
5 2 2 3 5 5 2 2 3 4 4 2 2 3 5 48484848484848484848484848484848483 4 4 4 2 2 3 4 4 2 2 3 4 5 
6 2 2 3 5 5 5 3 4 4 4 2 2 4 484848484848484848484848484848484848484 5 4 2 2 3 4 4 2 2 4 5 5 
6 2 2 3 4 4 5 3 4 4 4 5 3 4848484848484848484848484848484848484848485 5 5 3 4 4 4 2 2 4 5 5 
4 2 3 4 4 4 5 3 4 4 5 5 48484848484848484848484848484848484848484848385 5 3 4 4 5 5 3 4 5 5 
3 2 3 4 4 4 5 3 4 4 5 48484848484848484848484848484848484847484848483828183 4 4 5 5 3 3 5 5 
3 3 22225 5 12121230344848484848484848484848484848484848313035444438382818164 5 5 5 3 3 5 5 
8 3 3 4 5 5 5 29304848484848484848484858584848414848484830282848484838383828185 4 2 2 3 5 5 
5 4 222327383842434848484848484848484858584846454548483230303548484838383838385 4 5 3 4 5 5 
4 2 2 4 5 5 5 43484848484848484848484848584848484848484828284848484848484848385 4 5 3 4 5 5 
5 2 2 4 5 5 5 42484848484848484848484848484848484848484848304848484848484848385 4 5 3 4 5 5 
5 2 2 3 4 5 5 3 4 48484848484848484848484848484848484848488 8 484848484848484 5 5 5 3 3 4 5 
6 2 2 3 4 5 5 3 3 5 484848484848484848484848484848484848488 8 8 48484848483 4 4 5 5 3 3 4 5 
7 2 2 3 4 5 5 3 3 4 5 484848484848484848484848484848484848488 8 484848485 3 3 4 5 5 3 4 4 5 
7 9 3 4 5 5 5 3 4 5 30354848484848484848484848484848484848482824244848206 3 4 4 4 5 3 4 5 5 
5 2 3 4 5 5 5 3 4 5 5 3235484848484848484848484848484848484848252424228 5 3 4 5 5 5 3 4 5 5 
5 3 114 5 5 5 3 4 5 5 5 34354848484848484848484848484848484848252220185 5 3 4 5 5 2 2 3 5 5 
4 2 3 3 4 4 2 2 3 4 4 2 2 4 4848484848484848484848484848484848488 4 5 4 2 2 3 5 5 2 2 3 4 5 
4 3 3 3 5 5 5 3 4 4 4 2 2 3 5 484848444848484848484848484848488 3 4 4 4 2 2 3 4 4 2 2 3 4 5 
4 2 2 3 5 5 5 3 4 4 4 2 2 3 4 5 4444444340344141424343423434284 3 3 4 4 2 2 3 4 4 2 2 3 4 5 
5 2 2 3 5 5 5 3 4 4 5 5 3 3 4 5 5 444848343435354142423434245 2 2 3 4 4 2 2 3 4 4 2 2 3 4 5 
5 2 2 3 4 4 2 2 3 4 5 5 3 3 4 4 5 3 484848383835414848388 5 5 2 2 3 4 4 2 2 3 4 4 2 2 3 4 5 
6 2 2 3 4 4 5 3 4 4 5 5 3 3 4 4 2 2 4 4848484841484848484 5 4 2 2 3 4 4 2 2 3 4 4 2 2 3 4 5 
6 2 2 3 4 4 5 3 4 4 4 2 2 3 4 4 2 2 3 5 484848484848483 4 4 4 2 2 3 4 4 2 2 3 4 4 2 2 3 4 5 
4 2 2 3 5 5 5 3 4 4 4 5 3 4 4 4 2 2 3 4 5 48484848485 3 3 4 4 2 2 3 4 4 2 2 3 4 4 2 2 3 4 5 
2 2 2 3 5 5 2 2 3 4 5 123 4 4 4 2 2 3 4 5 424848485 2 2 3 4 4 2 2 3 4 4 2 2 3 4 4 2 2 3 4 5 
2 2 2 3 5 445 3 3 4 5 123 4 4 4 2 2 3 4 4 5 4848485 2 2 3 4 4 2 2 3 5 5 2 2 3 4 4 2 2 3 4 5 
2 2 2 3 5 5 5 3 3 4 5 5 3 4 5 5 2 2 3 4 4 5 42425 4 2 2 3 4 4 2 2 4 5 5 2 2 4 5 4 2 2 4 5 5 
3 2 2 3 4 5 5 3 3 5 5 2 2 3 5 5 2 2 3 4 4 2 2 4 5 4 2 2 3 4 4 2 2 4 5 5 2 2 4 5 4 2 2 4 5 5 
3 2 2 3 4 5 5 3 3 5 5 2 2 3 5 5 2 2 3 4 4 2 2 4 5 4 2 2 3 4 4 2 2 4 5 5 2 2 4 5 4 2 2 4 5 5 
5 5 3 4 5 6 6 111111335 3 4 5 5 5 3 4 5 5 5 4444445 5 3 4 5 5 5 3 4 5 5 5 3 4 5 5 5 3 4 5 5 
