30 40 0 7
1 10 1
3 10 2
4 26 5
4 27 5
5 10 3
5 26 5
5 27 5
7 10 4
7 27 6
8 27 6
8 28 6
8 30 5
9 10 5
9 21 1
9 27 6
9 28 6
9 30 5
9 31 5
9 33 4
9 35 3
9 37 2
9 39 1
10 10 5
10 27 6
11 10 5
12 10 5
12 26 5
12 27 5
13 10 5
13 26 5
14 10 5
14 26 5
15 10 5
15 26 5
16 26 5
17 26 5
18 9 7
18 10 7
18 11 7
18 12 7
18 26 5
19 9 7
19 10 7
19 11 7
19 12 7
19 26 5
20 10 7
20 11 7
20 26 5
21 26 5
21 28 4
21 30 3
21 32 2
21 34 1
22 10 6
22 11 6
22 16 4
22 17 4
22 18 4
22 19 4
22 20 4
22 21 4
22 22 4
22 23 4
22 24 4
24 10 5
24 11 5
26 10 4
26 11 4
