46 46 1 54
1 1 2 3 9 8 8 2 3 4 3 2 2 3 4 3 2 2 3 4 3 2 2 3 4 3 2 6 7 8 3 2 2 3 4 3 2 2 3 4 3 2 2 3 4 3 
1 1 2 7 1413126 7 8 13127 3 4 3 2 2 3 4 3 2 8 9 103 2 1213143 2 2 3 8 8 8 7 7 8 7 7 6 3 4 3 
2 2 2 7 1413126 7 142423133 4 3 2 2 3 4 3 2 1415163 2 1819203 2 2 3 8 8 8 7 7 8 7 7 6 3 4 3 
3 9 8 148 7 7 1011182423133 4 3 2 2 3 4 3 2 2021223 2 1920256 6 2 3 8 1312127 8 7 7 6 3 4 3 
3 9 8 9 4 3 2 6 111818137 3 4 3 2 2 3 4 3 2 1819203 2 141924116 2 3 4 1312123 9 14137 3 4 3 
4 9 8 9 4 3 2 6 1617122 2 3 4 4 3 2 3 4 3 2 1213143 3 8 1821156 2 3 4 1312189 1614137 3 4 3 
5 3 2 3 4 3 2 2 1213122 2 3 4 4 3 2 3 4 3 2 6 12137 3 3 1317167 2 3 9 1413149 1614137 3 4 3 
5 3 2 3 4 3 2 2 7 8 7 2 2 3 4 4 3 2 3 4 3 7 112117123 3 1317167 2 3 9 8 8 8 9 103 2 2 3 4 3 
4 3 2 3 4 3 2 2 3 4 3 2 2 3 4 3 2 2 3 4 8 15233331227 6 1117127 2 3 9 8 8 2 3 4 3 2 2 3 4 3 
2 2 2 3 4 4 3 3 3 4 3 2 2 3 4 3 2 2 3 8 16243037393217111617122 2 3 4 3 2 2 3 4 3 2 2 3 4 3 
1 1 2 3 8 14138 3 4 3 2 2 3 4 3 2 2 7 18312927284142322217129 4 4 3 4 3 2 2 4 5 4 2 2 3 4 3 
1 1 2 3 142524143 4 3 2 2 3 4 3 2 2 8 182722161726332919139 9 4 4 3 4 3 2 2 8 9 8 2 2 3 4 3 
6 9 131324353524131312131213141415172633372923212429292418121312119 9 7 5 4 10108 2 2 4 5 4 
7 121515192525181313121312131414202836383330283027272729282216109 9 9 7 5 4 9 9 7 6 5 7 5 4 
8 121515141414131313121312131420314351524644414442414137373125159 9 9 7 5 4 4 108 115 7 5 4 
4 5 4 6 5 4 2 2 3 4 3 2 2 3 8 18334246464141414141414642423832177 3 9 8 7 2 3 9 8 115 6 4 3 
5 3 2 4 5 4 2 2 3 4 3 2 2 7 173242464141414041374243474242383322128 9 8 7 2 3 9 8 8 2 3 4 3 
5 3 2 4 6 5 4 3 4 4 3 2 7 173242484843414140424045444747433429282818148 7 2 3 4 3 2 3 4 5 3 
6 4 2 3 5 4 4 3 4 4 3 7 17323742434839383842444646444347432924293833188 3 3 4 4 3 2 3 4 5 3 
4 8 7 8 5 4 6 4 5 4 8 183344444344494440394448514644434339303234423726125 3 4 4 4 3 4 4 5 3 
3 8 7 8 4 3 3 3 4 8 1834455044424247424039434646424343393424323442413422137 5 4 4 3 3 4 5 4 
8 16181510121313131728394545454345475050474444434343433328233034383730211513108 4 3 3 4 5 4 
9 10139 1012121721323744443939384547525454484442434545372819263543413529262316103 2 2 4 5 4 
9 1118182425263131373944443839384447505453494443424439322826333843383329313222133 3 4 4 4 3 
3 2 7 121716172632434449493838374848514647444641414444332523344248423837404026143 3 4 4 4 3 
4 3 7 121716172127384044444242424444464444444944414242332422324148383535393621123 3 4 4 4 3 
5 3 2 3 4 4 4 8 173338454545434346413830354049454344494429202034434339393528139 4 3 3 3 4 3 
5 3 2 3 4 4 4 3 7 18294045494848443728273440444548444343341910203438433828133 4 4 3 3 3 4 3 
6 4 2 3 4 4 4 3 3 8 1834445048434335312734383940454443433828151524384332177 3 4 4 4 4 4 4 3 
7 7 8 9 1011111112131828384343394141444546433736403837373731221721293321103 3 4 3 3 3 5 5 4 
5 6 8 9 10111111121312182738433941404749514842414043423737363221212424125 3 4 6 5 4 3 5 5 4 
5 7 9 9 101111111213121317283844464547495148464443434237373632211614147 5 3 4 6 5 3 2 4 5 4 
3 3 3 3 5 4 3 2 3 4 3 2 7 17334347434243464746474647474340413624148 9 3 2 2 4 11119 2 3 4 3 
4 3 3 7 1414136 7 4 3 2 2 7 1831404343414041424342434343393628188 3 4 3 2 2 3 9 8 8 2 3 4 3 
3 2 2 7 1414136 7 4 3 2 2 3 8 17303844383129343536333329302723127 3 4 3 2 2 3 9 8 8 2 3 4 3 
4 3 2 7 1313126 7 4 4 4 3 3 4 7 1629413428233232353329252320102 2 3 4 3 2 2 3 4 3 2 2 3 4 3 
5 3 2 3 9 8 7 2 3 4 4 4 3 3 4 3 7 173333332731253030322319148 2 2 3 4 3 2 2 3 4 3 2 2 3 4 3 
5 3 2 3 9 8 8 3 4 4 4 4 3 3 4 3 2 7 17273739393336403727139 3 2 2 3 4 3 2 2 3 4 3 2 2 3 4 3 
6 4 2 3 9 8 8 3 4 4 3 2 2 3 4 3 2 2 7 1732413933353631168 4 3 2 2 3 4 3 2 2 3 4 3 2 2 3 4 3 
4 3 2 7 8 7 3 3 4 4 3 3 3 4 4 3 2 2 3 8 183339443932177 3 4 3 2 2 3 9 8 8 2 3 9 8 8 2 3 4 3 
3 2 2 1213122 2 3 9 14169 5 4 3 2 2 3 4 8 22333930177 2 3 4 3 2 2 3 9 8 8 2 3 9 8 8 2 3 4 3 
1 1 2 121722127 3 9 14169 5 4 3 2 2 3 4 3 122632238 2 2 3 4 3 2 2 9 16158 2 3 9 8 8 2 3 4 3 
2 2 2 7 1318127 3 9 14148 5 5 4 2 2 3 4 3 7 2122193 2 2 3 4 3 2 8 1516102 6 7 8 3 2 5 6 7 3 
3 2 2 3 8 14138 7 8 7 2 2 4 5 4 2 2 3 4 3 2 1718193 2 2 3 4 3 2 8 1516102 6 7 8 3 2 5 6 7 3 
3 2 2 3 4 4 3 3 7 8 7 2 2 4 5 4 2 2 3 4 3 2 1213143 2 2 3 4 3 2 8 9 103 2 6 7 8 3 2 5 6 7 3 
2 1 1 2 2 3 2 2 6 7 6 1 1 2 2 2 1 1 2 2 2 1 6 7 7 2 1 1 2 2 2 1 1 2 2 2 1 1 2 2 2 1 1 2 2 2 
