46 46 1 55
1 1 2 2 3 6 2 3 3 3 4 2 2 3 3 4 2 2 3 3 4 2 2 3 3 4 3 2 4 3 7 2 2 3 3 4 2 2 3 3 4 2 2 3 4 4 
2 1 2 3 3 142 2 3 3 4 2 2 3 3 4 2 2 3 3 4 2 2 3 3 4 2 2 203 3 2 2 3 3 4 2 2 3 3 6 2 2 3 4 4 
3 1 2 3 146 6 133 3 23242 3 3 4 2 2 3 3 4 2 2 223 3 2 2 253 6 2 2 3 3 12122 123 6 8 2 3 4 4 
3 1 2 2 3 6 2 2 6 7 23242 3 3 4 2 2 3 3 4 2 2 203 7 2 2 243 6 2 2 3 3 4 6 3 7 3 6 2 3 3 4 4 
4 2 143 3 6 2 2 23117 2 2 3 4 4 2 2 3 3 4 3 2 223 5 3 2 256 292 2 3 3 4 193 8 2 7 2 3 3 4 4 
5 2 2 3 3 4 2 2 2 238 2 2 3 4 4 2 2 3 3 4 2 2 203 7 3 2 3 236 2 2 3 3 4 143 3 3 16152 3 4 4 
8 2 3 3 3 4 2 2 3 163 2 2 3 4 4 4 2 3 3 4 3 2 9 3 3 3 133 216 2 2 3 3 4 8 2 183 3 2 2 3 4 4 
5 2 2 3 3 4 2 2 4 3 4 2 2 3 4 4 2 2 3 3 4 3 2 6 337 3 3 3 3 212 2 3 3 142 2 3 3 4 2 2 3 4 4 
5 1 2 3 4 4 2 2 3 3 4 2 2 3 4 4 2 2 3 3 4 3 3739403 3 3 3 177 2 2 3 3 4 2 2 3 3 4 2 2 3 4 4 
1 1 2 3 3 4 2 2 3 3 4 2 2 3 3 4 2 2 3 3 4 32244142426 2 224 4 2 3 3 3 4 2 2 3 4 5 2 2 3 4 4 
1 1 2 3 4 4 9 2 3 3 4 2 2 3 3 4 2 2 3 3 29301032373942118 175 2 2 3 3 4 2 2 3 3 4 2 2 3 4 4 
1 1 2 3 5 37373 3 3 5 2 2 3 3 4 2 2 3 383737212342414237117 6 172 3 5 5 2 2 3 105 2 2 3 4 5 
1 1 2 3 3 26263 4 3 4 2 2 3 3 4 2 2 2 8 18161716172419139 7 4 4 3 3 4 5 2 2 4 9 5 2 2 3 4 5 
3 1515243535353524131313141520314351525152464341323331313130222515119 9 8 6 154 5 2 2 3 7 5 
5 3 154 4 5 2 2 3 3 4 2 2 2 3 8 11464646462141414138424642427 7 3 7 4 5 2 3 3 4 5 5 123 4 5 
7 2 2 4 4 5 2 2 3 3 5 2 2 2 6 7 4851474647464443444747473042414 5 8 7 5 2 2 3 4 112 2 3 4 5 
5 2 3 4 6 5 2 2 3 4 4 2 2 3 3 48484841434341434237474946474343382 3 3 142 2 3 3 5 3 2 3 4 5 
6 2 2 3 4 5 2 2 3 4 4 2 2 3 474248434838454637464847474747472212433 7 3 2 2 3 4 4 2 2 3 4 5 
9 2 3 4 4 6 3 6 3 4 4 2 2 4944484849484844484648514747474822284240422 5 2 3 3 4 4 2 2 5 4 5 
8 2 2 3 4 5 3 3 3 4 4 2 49504937484748374349504647424848474324424142444 2 123 4 4 2 2 3 4 5 
4 4 214 4 5 4 134 4 6 484745454849484949403947484647444323394330283830153 3 3 4 4 5 2 3 4 5 
3 3 7 4 3 4 3 3 3 4 464750454746404947494849424642454545192619434143353829184 4 5 2 2 3 6 5 
2 18182424263129313137393839383939475453544843424139322830283426413229151315324 4 3 3 3 4 5 
3 3 2 7 9 101212434647494949374848484854545538414645454628251948484839384336153 3 2 2 3 4 5 
4 3 2 2425263141412547474744464442444844484749444640481722403148414828403637393 3 4 4 5 4 4 
5 2 2 3 4 4 4 3 434449484949374848514852294848474149494719204848434848324043414 5 3 3 3 4 4 
5 2 3 3 4 4 3 3 3 444529494842484828494644494948454844484310104841483343389 3 4 4 3 3 3 4 5 
6 2 2 3 4 4 9 2 3 3 4549504850484348243127494548454944494415151048434343432 3 4 4 5 2 3 4 4 
102 2 3 4 5 3 4 3 5 6 484948484848442726514936485048344443101710134343452 3 3 4 4 3 3 3 4 5 
7 2 2 3 4 4 3 3 3 3 8 9 50485048334747494848483949454543434436151543485 2 3 3 4 5 3 5 3 4 5 
4 9 101111111112131828333638363839475251494841383637373231312225262119147 7 3 4 5 2 2 3 6 5 
3 3 3 3 4 5 2 3 3 3 4 2 2 454347454738484850484647474747364541148 254 5 2 2 3 11112 3 3 4 5 
3 9 3 3 4 5 5 6 4 3 5 2 2 3 45464547484948474846454544444539378 3 3 3 5 2 2 3 4 5 2 2 3 4 5 
3 2 2 3 4 142 2 3 3 4 2 2 3 3 48444243444743484348434744433041382 3 3 4 2 2 3 4 112 2 3 4 4 
4 2 2 3 14142 143 4 4 2 2 3 3 4 31454133233236423335433833232 2 2 3 3 4 2 2 3 3 4 2 2 3 4 4 
5 2 2 2 3 6 2 3 3 4 4 2 2 3 3 4 2 464344272929412542211914363 2 2 3 3 4 2 2 3 3 4 2 2 3 4 4 
5 2 3 3 3 3 2 3 3 4 4 5 2 3 3 4 2 2 42412340333540374013313 3 2 2 3 3 4 2 2 3 3 4 2 2 3 4 4 
6 2 2 3 3 9 2 2 3 4 4 2 2 3 3 4 2 2 3 3741393826253536463 3 4 2 2 3 3 4 2 2 3 3 4 2 2 3 4 4 
5 2 2 3 3 7 3 9 3 4 4 2 3 3 4 4 2 2 3 3 453944414439422 3 3 4 2 2 3 3 4 2 2 3 3 4 2 2 3 4 4 
6 1 2 2 3 3 2 2 3 4 4 2 2 3 4 4 2 2 3 3 4 41412942402 2 3 3 4 2 2 3 3 4 2 2 3 3 4 2 2 3 4 4 
1 1 2 3 224 2 3 3 4 4 2 103 4 4 2 2 3 3 4 3 4444448 2 2 3 3 4 2 2 3 3 162 2 3 3 9 2 2 3 4 4 
2 2 2 3 187 2 2 3 3 1615144 4 5 2 2 3 3 4 3 39443 7 2 2 3 3 4 2 2 3 3 8 2 2 3 3 7 2 2 3 4 6 
3 1 2 3 4 17232 3 3 7 2 2 4 4 5 2 2 3 3 4 3 2 323 8 2 2 3 3 4 2 2 2 163 2 2 2 3 3 2 2 3 4 4 
3 1 2 3 4 4 2 3 3 3 7 2 2 3 5 5 2 2 3 3 6 2 2 223 3 2 2 3 3 4 2 2 173 3 2 2 8 3 3 2 2 7 4 4 
4 2 2 3 4 4 132 3 7 3 2 2 3 4 5 2 2 3 3 4 2 2 193 3 2 2 3 3 4 2 2 3 3 4 2 2 3 3 4 2 2 3 4 4 
4 2 2 3 4 4 2 3 3 2 7 2 2 3 4 5 2 2 3 3 4 3 2 4 3 8 2 2 3 3 4 2 2 3 3 4 2 2 3 3 4 2 2 3 4 4 
