46 46 0 1
0000000000000000000000000000000000000000000000
0000000000000000000000000000000000000000000000
0000000000000000000000000000000000000000000000
0000000000000000000000000000000000000000000000
0000000000000000000000000000000000000000000000
0000000000000000000000000000000000000000000000
0000000000000000000000000000000000000000000000
0000000000000000000000001000000000000000000000
0000000000000000000000111000000000000000000000
0000000000000000000001011100000000000000000000
0000000000000000000001011110000000000000000000
0000011000000000000111001111000000000000000000
0000000000000000000000000000000000000000000000
0000111100000001111111111111110000000000000000
0000000000000000011110111111110000000000000000
0000000000000000111111111111111000000000000000
0000000000000001111111111111111100000000000000
0000000000000011111111111111110010000000000000
0000000000000111111111111111100111000000000000
0000000000001111111111111111110111100000000000
0000000000011111111111111111011101100000000000
0000000000111111111111111111000111110000000000
0000001011111111111111111110101011000010000000
0000000011111111111111111111000111111100000000
0000001110111111111111111110011111011110000000
0000000011111111111101111111001111111110000000
0000000001101111101111111111100111111000000000
0000000000111111110101111111100011111000000000
0000000000011111110011111111100001110000000000
0000000000001111111111111111111001100000000000
0000000000011111111111111111110000000000000000
0000000000000111111111111111111000000000000000
0000000000000011111111111111111000000000000000
0000000000000001111111111111111100000000000000
0000000000000000111101111111100000000000000000
0000000000000000011100010100010000000000000000
0000000000000000001101111110100000000000000000
0000000000000000000111100111000000000000000000
0000000000000000000011111110000000000000000000
0000000000000000000001101100000000000000000000
0000000000000000000000111000000000000000000000
0000000000000000000000110000000000000000000000
0000000000000000000000010000000000000000000000
0000000000000000000000000000000000000000000000
0000000000000000000000000000000000000000000000
0000000000000000000000000000000000000000000000
