46 46 1 63
1 1 2 3 4 5 1 2 3 4 5 1 2 3 4 5 1 2 3 4 5 1 2 3 4 5 1 2 3 4 5 1 2 3 4 5 1 2 3 4 5 1 2 3 4 5 
2 1 2 3 4 551 2 3 4 5 1 2 3 4 5 1 2 3 4 5 1 2 3 4 5 1 2 434 5 1 2 3 4 5 1 2 3 4 5 1 2 3 4 5 
3 1 2 3 445 1 423 4 45512 3 4 5 1 2 3 4 5 1 2 584 5 1 2 534 5 1 2 3 4 45112 434 5 412 3 4 5 
4 1 2 3 4 5 1 2 3 4 55512 3 4 5 1 2 3 4 5 1 2 584 5 1 2 634 5 1 2 3 4 5 1 2 3 4 5 1 2 3 4 5 
5 1 623 4 5 1 2 434 5 1 2 3 4 5 1 2 3 4 5 1 2 584 5 1 2 534 351 2 3 4 5 412 3 4 5 1 2 3 4 5 
6 1 2 3 4 5 1 2 3 445 1 2 3 4 5 1 2 3 4 5 1 2 414 5 1 2 3 445 1 2 3 4 5 512 3 4 55512 3 4 5 
7 1 2 3 4 5 1 2 3 445 1 2 3 4 5 8 2 3 4 5 1 2 8 4 5 1 123 445 1 2 3 4 5 1 2 614 5 1 2 3 4 5 
8 1 2 3 4 5 1 2 5 4 5 1 2 3 4 5 1 2 3 4 5 1 2 3 445 1 2 3 4 451 2 3 4 551 2 3 4 5 1 2 3 4 5 
9 1 2 3 4 5 1 2 3 4 5 1 2 3 4 5 1 2 3 4 5 1 4838485 1 2 3 445 1 2 3 4 5 1 2 3 4 5 1 2 3 4 5 
1 1 2 3 4 5 1 2 3 4 5 1 2 3 4 5 1 2 3 4 5 48244848481 2 434 5 1 2 3 4 5 1 2 3 4 5 1 2 3 4 5 
1 1 2 3 4 5 112 3 4 5 1 2 3 4 5 1 2 3 4 48334 344148482 3 445 1 2 3 4 5 1 2 3 4 5 1 2 3 4 5 
2 1 2 3 4 45512 3 4 5 1 2 3 4 5 1 2 3 4848484 8 484848483 4 5 192 3 4 5 1 2 3 145 1 2 3 4 5 
3 1 2 3 4 55512 3 4 5 1 2 3 4 5 1 2 4 8 4 8 8 4 4 4 8 8 8 4 5 1 2 3 4 5 1 2 3 445 1 2 3 4 5 
4 41323334373839313032343534353840486063604841383534323130282528242220188 6 134 5 1 2 3 145 
5 1 213 4 5 1 2 3 4 5 1 2 3 4 5 1 484848481048484834484848485 1 2 3 4 5 1 2 3 4 5 1 323 4 5 
6 1 2 3 4 5 1 2 3 4 5 1 2 3 4 5 4848484848484848484848484 48481 2 3 4 5 1 2 3 4 551 2 3 4 5 
7 1 2 3 145 1 2 3 4 5 1 2 3 4 4848484142434142434 484846484848482 3 4 511 2 3 4 5 1 2 3 4 5 
8 1 2 3 4 5 1 2 3 4 5 1 2 3 48414844488 45484 484848484848484 4 483 4 5 1 2 3 4 5 1 2 3 4 5 
9 1 2 3 4 151 123 4 5 1 2 484848486048484848486162484848488 7 4848484 5 1 2 3 4 5 1 2 134 5 
101 2 3 4 5 1 2 3 4 5 1 4848485 4848483 48484848486 484847488 484848485 1 123 4 5 1 2 3 4 5 
1 1 523 4 5 1 123 4 5 48485848484848484828384848484848488 484828283828181 2 3 4 5 112 3 4 5 
2 1 2 3 4 5 1 2 3 4 4848584848484048474848484148424852484 8 5 484848383828183 4 5 1 2 3 145 
3 612223242738293130323435343538404860636048413835343231302835284432308 8 16434 5 1 2 3 4 5 
4 1 2 3 4 5 1 2 4848484848484 4848484858585838385848585828241448484838384338184 5 1 2 3 4 5 
5 1 2 4841484248438 48604848484841424843484648454840484 3 48304848488 484838384 2 8 8 8 4 5 
6 1 2 3 4 5 1 2 4848484848488 48486348634 4848484 4848488 4 4848484848184848484 5 1 2 3 4 5 
7 1 2 3 4 5 1 2 3 48488 48484248481848484848634848484848488 8 4848485 48488 3 4 5 1 2 3 4 5 
8 1 2 3 4 5 132 3 4 48486248554848484 7 8 48484854485848484 4 8 48484848482 3 4 5 112 3 4 5 
9 1 2 3 4 5 1 2 3 4 5 48484848484848288 48484 4848481 48486 4 8 4 4848481 2 3 4 5 1 2 3 4 5 
101 2 3 4 5 1 2 3 4 5 1 484848483 48484848484818484848484848488 4 48485 1 2 3 4 5 1 123 4 5 
1 21222324272829313032343534353840486063604841383534323130282528242220188 6 3 4 5 1 2 3 145 
2 1 2 3 4 5 1 2 3 4 5 1 2 4848484848184848484848484848488 48488 4 484 5 1 2 3 14151 2 3 4 5 
3 112 3 4 5 1 2 3 4 5 1 2 3 48484848484848484848484848484848488 4 3 4 5 1 2 3 4 5 1 2 3 4 5 
4 1 2 3 4 151 2 3 4 5 1 2 3 4 48484142434840484248434844482848482 3 4 5 1 2 3 4 551 2 3 4 5 
5 1 2 3 42551 423 4 5 1 2 3 4 5 34444134243434413434423434244 1 2 3 4 5 1 2 3 4 5 1 2 3 4 5 
6 1 2 3 4 5 1 2 3 4 5 1 2 3 4 5 1 4848584 1 28411 482 4 8 485 1 2 3 4 5 1 2 3 4 5 1 2 3 4 5 
7 1 2 3 4 5 1 2 3 4 5 132 3 4 5 1 2 48488 4834354148488 484 5 1 2 3 4 5 1 2 3 4 5 1 2 3 4 5 
8 1 2 3 4 511 2 3 4 5 1 2 3 4 5 1 2 3 483848388 1 4838483 4 5 1 2 3 4 5 1 2 3 4 5 1 2 3 4 5 
9 1 2 3 4 5 1 123 4 5 1 2 3 4 5 1 2 3 4 484848484848482 3 4 5 1 2 3 4 5 1 2 3 4 5 1 2 3 4 5 
101 2 3 4 5 1 2 3 4 5 1 2 3 4 5 1 2 3 4 5 48481848481 2 3 4 5 1 2 3 4 5 1 2 3 4 5 1 2 3 4 5 
1 1 2 3 445 1 2 3 4 5 1 123 4 5 1 2 3 4 5 1 4848485 1 2 3 4 5 1 2 3 4 551 2 3 4 551 2 3 4 5 
2 1 2 3 485 1 2 3 4 5551123 4 5 1 2 3 4 5 1 42484 5 1 2 3 4 5 1 2 3 4 5 1 2 3 4 5 1 2 3 4 5 
3 1 2 3 4 45512 3 4 5 1 2 3 4 5 1 2 3 4 5 1 2 484 5 1 2 3 4 5 1 2 3 635 1 2 3 4 5 1 2 3 4 5 
4 1 2 3 4 5 1 2 3 4 5 1 2 3 145 1 2 3 4 5 1 2 484 5 1 2 3 4 5 1 2 595 5 1 2 434 5 1 2 334 5 
5 1 2 3 4 5 112 3 445 1 2 3 4 5 1 2 3 4 5 1 2 484 5 1 2 3 4 5 1 2 3 4 5 1 2 3 4 5 1 2 3 4 5 
6 1 2 3 4 5 1 2 3 4 5 1 2 3 4 5 1 2 3 4 5 1 2 3 4 5 1 2 3 4 5 1 2 3 4 5 1 2 3 4 5 1 2 3 4 5 
